H =

   53.3774         0    0.1648    0.1130    0.0174    0.0003
         0   53.3774    0.0424    0.0081    0.0233    0.0019
    0.1648    0.0424    2.2779    0.0678    0.0163    0.0008
    0.1130    0.0081    0.0678    0.0515    0.0118    0.0005
    0.0174    0.0233    0.0163    0.0118    0.0068    0.0006
    0.0003    0.0019    0.0008    0.0005    0.0006    0.0001

c =

   1.0e-07 *

   -0.0356
    0.1373
   -0.0002
   -0.0078
    0.0093
    0.0010

Je =

    1.0000         0    0.6925    0.5554    0.1900    0.0118
         0    1.0000    0.3377    0.2469    0.3050    0.0814
         0         0    1.0000    1.0000    1.0000    1.0000

Jedot =

   1.0e-03 *

         0         0    0.0982    0.0720    0.0888    0.0237
         0         0   -0.2002   -0.1607   -0.0553   -0.0034
         0         0         0         0         0         0


Jvw =

    0.6925
    0.3377


Jvq =

    0.5554    0.1900    0.0118
    0.2469    0.3050    0.0814


Jwq =

     1     1     1


Jvwdot =

   1.0e-03 *

    0.0982
   -0.2002


Jvqdot =

   1.0e-03 *

    0.0720    0.0888    0.0237
   -0.1607   -0.0553   -0.0034


Jwqdot =

     0     0     0


J1 =

    1.0000         0         0         0         0         0
         0    1.0000         0         0         0         0
         0         0    1.0000         0         0         0
    1.0000         0    0.6925    0.5554    0.1900    0.0118
         0    1.0000    0.3377    0.2469    0.3050    0.0814
         0         0    1.0000    1.0000    1.0000    1.0000


J1dot =

   1.0e-03 *

         0         0         0         0         0         0
         0         0         0         0         0         0
         0         0         0         0         0         0
         0         0    0.0982    0.0720    0.0888    0.0237
         0         0   -0.2002   -0.1607   -0.0553   -0.0034
         0         0         0         0         0         0


Hstar =

   53.1138    0.0341    0.0187    0.0206   -0.0107    0.0006
    0.0341   53.2929    0.0313    0.0831   -0.0302    0.0015
    0.0187    0.0313    2.1891    0.0104   -0.0042    0.0002
    0.0206    0.0831    0.0104    0.2225   -0.1065    0.0063
   -0.0107   -0.0302   -0.0042   -0.1065    0.1448   -0.0087
    0.0006    0.0015    0.0002    0.0063   -0.0087    0.0006

v1 =

   1.0e-03 *

    0.7247
    0.6512
   -0.2884
   -0.0000
   -0.0028
   -0.0000

cstar =

   1.0e-07 *

    0.0126
    0.1127
    0.0120
    0.0890
   -0.0484
    0.0029


Jstar =

    1.0000         0         0   -2.4287    1.7972    0.6316
         0    1.0000         0    1.9349   -5.9022    3.9673
         0         0    1.0000   -1.1573   -0.2896    0.4470
         0         0         0    2.4287   -1.7972   -0.6316
         0         0         0   -1.9349    5.9022   -3.9673
         0         0         0    0.1289   -0.4591    1.3302

Jestar =

    0.0000    0.0000    0.0000
   -0.0000   -0.0000         0
    0.0000    0.0000         0
    1.0000   -0.0000   -0.0000
    0.0000    1.0000         0
   -0.0000    0.0000    1.0000

Hbar =

    2.1891    0.0103   -0.0042    0.0002
    0.0103    0.2223   -0.1064    0.0063
   -0.0042   -0.1064    0.1448   -0.0087
    0.0002    0.0063   -0.0087    0.0006


cbar =

   1.0e-08 *

    0.1189
    0.8884
   -0.4837
    0.0289


Jbar =

    1.0000   -1.1576   -0.2868    0.4444
         0    2.4266   -1.7887   -0.6380
         0   -1.9343    5.8992   -3.9649
         0    0.1288   -0.4589    1.3301


Jebar =

    0.0000    0.0000   -0.0000
    1.0000   -0.0000   -0.0000
    0.0000    1.0000    0.0000
   -0.0000    0.0000    1.0000


u =

    4.4628
    3.2927
    4.2634
    3.1336


tau =

   10.0853
    0.2321
    0.1194

H11star =

   53.1138    0.0341
    0.0341   53.2929


H12star =

    0.0187    0.0206   -0.0107    0.0006
    0.0313    0.0831   -0.0302    0.0015


H21star =

    0.0187    0.0313
    0.0206    0.0831
   -0.0107   -0.0302
    0.0006    0.0015


H22star =

    2.1891    0.0104   -0.0042    0.0002
    0.0104    0.2225   -0.1065    0.0063
   -0.0042   -0.1065    0.1448   -0.0087
    0.0002    0.0063   -0.0087    0.0006